0 0.12890625 0.14453125 0.24921875 0.18515625
0 0.08203125 0.47578125 0.1609375 0.1578125
0 0.240625 0.4671875 0.1375 0.1625
0 0.2421875 0.625 0.1359375 0.1515625
0 0.07421875 0.74140625 0.1484375 0.11875
0 0.07578125 0.846875 0.1515625 0.0859375
0 0.078125 0.94609375 0.1546875 0.1078125
0 0.23515625 0.84765625 0.12109375 0.30390625
0 0.47421875 0.2203125 0.3046875 0.34921875
0 0.446875 0.6875 0.25234375 0.26875
0 0.81875 0.1578125 0.30625 0.2078125
0 0.796875 0.36484375 0.25625 0.19765625
0 0.8 0.53828125 0.25625 0.14375