0 0.31484375 0.25546875 0.15390625 0.1625
0 0.3140625 0.46328125 0.16015625 0.1734375
0 0.321875 0.65703125 0.14921875 0.1734375
0 0.3171875 0.83984375 0.15625 0.14921875
0 0.6265625 0.32421875 0.13671875 0.19375
0 0.75546875 0.32421875 0.1203125 0.196875
0 0.87890625 0.325 0.1234375 0.1984375
0 0.6296875 0.5859375 0.1296875 0.19140625
0 0.759375 0.584375 0.12109375 0.1890625
0 0.88046875 0.5875 0.11015625 0.18515625
0 0.4890625 0.32265625 0.1296875 0.17109375
0 0.49453125 0.5953125 0.13359375 0.18828125