0 0.12265625 0.3078125 0.10234375 0.0953125
0 0.2375 0.29921875 0.1046875 0.1125
0 0.36484375 0.29375 0.1140625 0.11015625
0 0.36171875 0.4734375 0.11484375 0.23984375
0 0.365625 0.6625 0.11171875 0.10546875
0 0.3609375 0.80234375 0.1015625 0.1328125
0 0.2421875 0.40703125 0.1078125 0.08828125
0 0.240625 0.50703125 0.1046875 0.08984375
0 0.24140625 0.60859375 0.1078125 0.09140625
0 0.240625 0.70703125 0.1046875 0.08515625
0 0.24140625 0.815625 0.1015625 0.09375
0 0.121875 0.403125 0.10234375 0.0875
0 0.121875 0.509375 0.1046875 0.08984375
0 0.1234375 0.60546875 0.10625 0.0921875
0 0.12421875 0.70859375 0.10078125 0.0890625
0 0.12421875 0.815625 0.10078125 0.096875
0 0.63359375 0.55859375 0.11484375 0.67421875
0 0.75546875 0.29375 0.1 0.1015625
0 0.75625 0.40234375 0.1015625 0.09453125
0 0.75625 0.51953125 0.10859375 0.10703125
0 0.75703125 0.625 0.1109375 0.08828125
0 0.76015625 0.721875 0.11171875 0.10078125
0 0.7578125 0.825 0.1078125 0.096875
0 0.8765625 0.35234375 0.1078125 0.21171875
0 0.8734375 0.5421875 0.1015625 0.14453125
0 0.88125 0.75234375 0.11015625 0.25078125