0 0.63046875 0.43125 0.22421875 0.3
0 0.87265625 0.434375 0.2453125 0.309375
0 0.87265625 0.82109375 0.23515625 0.29296875
0 0.63125 0.81484375 0.21875 0.26953125
0 0.18203125 0.38046875 0.1078125 0.159375
0 0.184375 0.5453125 0.1046875 0.1578125
0 0.175 0.72265625 0.1234375 0.15625
0 0.171875 0.8859375 0.12734375 0.15625
0 0.3734375 0.38046875 0.2546875 0.1625
0 0.37421875 0.54453125 0.26640625 0.17421875
0 0.37421875 0.721875 0.2703125 0.1546875
0 0.3734375 0.89140625 0.27578125 0.1671875
0 0.9234375 0.11328125 0.153125 0.18359375