0 0.228125 0.40234375 0.1484375 0.11953125
0 0.41015625 0.40078125 0.159375 0.11640625
0 0.5890625 0.39609375 0.17421875 0.11796875
0 0.771875 0.4015625 0.16171875 0.11796875
0 0.22890625 0.1953125 0.15546875 0.2203125
0 0.4078125 0.1890625 0.15546875 0.221875
0 0.58828125 0.19375 0.14296875 0.23203125
0 0.76796875 0.1890625 0.1609375 0.2265625
0 0.23125 0.82421875 0.1515625 0.2703125
0 0.409375 0.825 0.16015625 0.2609375
0 0.59296875 0.82890625 0.16953125 0.2734375
0 0.771875 0.82578125 0.16015625 0.26953125