0 0.43046875 0.4265625 0.13203125 0.1203125
0 0.565625 0.17578125 0.13046875 0.11875
0 0.5671875 0.42578125 0.13828125 0.125
0 0.70703125 0.42265625 0.125 0.153125
0 0.5703125 0.64375 0.13046875 0.209375
0 0.7046875 0.6421875 0.13671875 0.21015625
0 0.70625 0.1359375 0.12734375 0.20546875
0 0.42734375 0.14140625 0.12578125 0.21328125
0 0.29140625 0.371875 0.13671875 0.25078125
0 0.43046875 0.6453125 0.13515625 0.21640625
0 0.290625 0.62421875 0.13828125 0.23828125
0 0.70546875 0.89296875 0.13359375 0.21328125
0 0.57265625 0.88984375 0.13046875 0.209375
0 0.43359375 0.89296875 0.13671875 0.21328125